-17.114212
-17.114212
-17.114212
-17.114212
-17.114212
-17.114212
-17.114212
-17.114212
-17.114212
-17.114212
-17.114212
-17.114212
-17.114212
-17.114212
-17.114212
-17.114212
-17.114212
-17.114212
-17.114212
-17.114212
-17.114212
-17.114212
-17.114212
-17.114212
-17.114212
-17.114212
-15.446381
-15.446381
-15.446381
-15.446381
-15.446381
-15.446381
-0.941196
-0.941196
-0.941196
-0.941196
-0.941196
-0.941196
-0.941196
-0.941196
-0.941196
-0.941196
-0.941196
-0.941196
-0.941196
-0.941196
-0.941196
-0.941196
-0.941196
-0.941196
-0.941196
-0.941196
-0.941196
-0.941196
-0.941196
-0.941196
-0.941196
-0.941196
-0.941196
-0.941196
-0.941196
-0.941196
-0.941196
-0.941196
-0.941196
-0.941196
-0.941196
-0.941196
-0.941196
-0.941196
-0.941196
-0.941196
-0.941196
-0.941196
-0.941196
-0.941196
-0.941196
-0.941196
-0.941196
-0.941196
-0.941196
-0.941196
-0.941196
-0.941196
-0.941196
-0.941196
-0.941196
