-17.171444
-11.489444
-6.958252
-5.702821
-5.702821
-5.702821
-5.702821
-5.702821
-5.702821
-5.702821
-5.702821
-5.702821
-5.702821
-5.702821
-5.702821
-5.702821
-5.702821
-5.702821
-5.702821
-5.702821
-5.702821
-5.702821
-5.702821
-5.702821
-5.702821
-5.702821
-5.702821
-3.586346
-3.084001
-3.084001
-3.084001
-3.084001
-3.084001
-3.084001
-3.084001
-3.084001
-3.084001
-3.084001
-3.084001
-3.084001
-3.084001
-3.084001
-3.084001
-3.084001
-3.084001
-3.084001
-3.084001
-3.084001
-3.084001
-3.084001
-3.084001
-3.084001
-3.084001
-3.084001
-3.084001
-3.084001
-3.084001
-3.084001
-3.084001
-3.084001
-3.084001
-3.084001
-3.084001
-3.084001
-3.084001
-3.084001
-3.084001
-3.084001
-3.084001
-3.084001
-3.084001
-3.084001
-3.084001
-3.084001
-3.084001
-3.084001
-3.084001
-3.084001
-3.084001
-3.084001
-3.084001
-3.084001
-3.084001
-3.084001
-3.084001
-3.084001
-3.084001
