-20.151616
-20.151616
-15.628748
-14.596443
-13.257914
-13.257914
-13.257914
-13.257914
-13.257914
-13.257914
-13.257914
-13.257914
-13.257914
-13.257914
-13.257914
-13.257914
-13.257914
-13.257914
-13.257914
-13.257914
-13.257914
-13.257914
-13.257914
-13.257914
-13.257914
-13.257914
-13.257914
-13.257914
-11.689753
-10.172569
-10.172569
-10.172569
-10.172569
-10.172569
-10.172569
-2.503813
-2.503813
-2.503813
-2.503813
-2.503813
-2.503813
-2.503813
-2.503813
-2.503813
-2.503813
-2.503813
-2.503813
-2.503813
-2.503813
-0.561158
-0.561158
-0.561158
-0.561158
-0.561158
-0.561158
-0.561158
-0.561158
-0.561158
-0.561158
-0.561158
-0.561158
-0.561158
-0.561158
-0.561158
-0.561158
-0.561158
-0.561158
-0.561158
-0.561158
-0.561158
-0.561158
-0.561158
-0.561158
-0.561158
-0.561158
-0.561158
-0.561158
-0.561158
-0.561158
-0.561158
-0.561158
-0.561158
-0.561158
-0.561158
-0.561158
-0.561158
-0.561158
