-14.328819
-11.931359
-7.015135
-6.659299
-6.406799
-6.406799
-6.406799
-6.406799
-6.406799
-6.406799
-6.406799
-6.406799
-6.406799
-6.406799
-6.406799
-6.406799
-6.406799
-6.406799
-6.406799
-6.406799
-6.406799
-6.406799
-6.406799
-6.406799
-6.406799
-6.406799
-6.406799
-5.712538
-3.942457
-3.942457
-3.942457
-3.942457
-3.942457
-3.942457
-3.942457
-3.942457
-3.942457
-1.086870
-1.086870
-1.086870
-1.086870
-1.086870
-1.086870
-1.086870
-1.086870
-1.086870
-1.086870
-1.086870
-1.086870
-1.086870
-1.086870
-1.086870
-1.086870
-1.086870
-1.086870
-1.086870
-1.086870
-1.086870
-1.086870
-1.086870
-1.086870
-1.086870
-1.086870
-1.086870
-1.086870
-1.086870
-1.086870
-1.086870
