-19.697056
-17.870674
-14.673626
-13.638142
-13.638142
-11.462619
-11.462619
-11.462619
-11.462619
-11.462619
-11.462619
-11.462619
-11.462619
-11.462619
-11.462619
-11.462619
-11.462619
-11.462619
-11.462619
-11.462619
-11.462619
-11.462619
-11.462619
-11.462619
-11.462619
-11.462619
-11.462619
-11.462619
-11.462619
-11.462619
-11.462619
-11.462619
-11.462619
-11.462619
-11.462619
-11.462619
-11.462619
-11.462619
-1.160483
-1.160483
-1.160483
-1.160483
-1.160483
-1.160483
-1.160483
-1.160483
-1.160483
-1.160483
-1.160483
-1.160483
-1.160483
-1.160483
-1.160483
-1.160483
-1.160483
-1.160483
-1.160483
-1.160483
-1.160483
-1.160483
-1.160483
-1.160483
-1.160483
-1.160483
-1.160483
-1.160483
-1.160483
-1.160483
-1.160483
-1.160483
-1.160483
-1.160483
-1.160483
-1.160483
-1.160483
-1.160483
-1.160483
-1.160483
-1.160483
-1.160483
-1.160483
-1.160483
-1.160483
-1.160483
-1.160483
-1.160483
-1.160483
