-20.138139
-20.138139
-20.138139
-19.267543
-19.267543
-19.267543
-18.683398
-18.683398
-18.683398
-18.683398
-18.683398
-18.683398
-18.683398
-18.683398
-18.683398
-18.683398
-18.683398
-18.683398
-18.683398
-18.683398
-18.683398
-18.683398
-18.683398
-18.683398
-18.683398
-18.683398
-17.615159
-17.615159
-17.615159
-17.615159
-17.615159
-1.239309
-1.239309
-1.239309
-1.239309
-1.239309
-1.239309
-1.239309
-1.239309
-1.239309
-1.239309
-1.239309
-1.239309
-1.239309
-1.239309
-1.239309
-1.239309
-1.239309
-1.239309
-1.239309
-1.239309
-1.239309
-1.239309
-1.239309
-1.239309
-1.239309
-1.239309
-1.239309
-1.239309
-1.239309
-1.239309
-1.239309
-1.239309
-1.239309
-1.239309
-1.239309
-1.239309
-1.239309
-1.239309
-1.239309
-1.239309
-1.239309
-1.239309
-1.239309
-1.239309
-1.239309
-1.239309
-1.239309
-1.239309
-1.239309
-1.239309
-1.239309
-1.239309
-1.239309
-1.239309
-1.239309
-1.239309
