-23.905808
-16.678482
-14.718247
-14.718247
-14.718247
-14.718247
-14.718247
-14.718247
-14.718247
-14.718247
-14.718247
-14.718247
-14.718247
-14.718247
-14.718247
-14.718247
-14.718247
-14.718247
-14.718247
-14.718247
-14.718247
-14.718247
-14.718247
-14.718247
-14.718247
-14.718247
-14.718247
-14.718247
-14.718247
-14.718247
-14.718247
-14.718247
-14.718247
-14.718247
-14.718247
-14.718247
-14.718247
-14.718247
-6.807199
-6.641628
-6.641628
-6.641628
-6.641628
-6.641628
-6.641628
-6.641628
-6.641628
-6.641628
-6.262237
-6.262237
-6.262237
-6.262237
-6.262237
-6.262237
-6.262237
-6.262237
-6.262237
-6.262237
-6.262237
-6.262237
-6.262237
-6.262237
-6.262237
-6.262237
-6.262237
-6.262237
-6.262237
-6.262237
-6.262237
-6.262237
-6.262237
-6.262237
-6.262237
-6.262237
-6.262237
-6.262237
-6.262237
-6.262237
-6.262237
-6.262237
-6.262237
-6.262237
-6.262237
-6.262237
-6.262237
-6.262237
-6.262237
