-12.495843
-5.076340
-5.076340
-5.076340
-5.076340
-5.076340
-5.076340
-5.076340
-5.076340
-5.076340
-5.076340
-5.076340
-5.076340
-5.076340
-5.076340
-5.076340
-5.076340
-5.076340
-5.076340
-5.076340
-5.076340
-5.076340
-5.076340
-5.076340
-5.076340
-5.076340
-5.076340
-5.076340
-5.076340
-5.076340
-5.076340
-5.076340
-5.076340
-5.076340
-5.076340
-5.076340
-5.076340
-0.454922
-0.454922
-0.454922
-0.454922
-0.454922
-0.454922
-0.454922
-0.454922
-0.454922
-0.454922
-0.454922
-0.454922
-0.454922
-0.454922
-0.454922
-0.454922
-0.454922
-0.454922
-0.454922
-0.454922
-0.454922
-0.454922
-0.454922
-0.454922
-0.454922
-0.454922
-0.454922
-0.454922
-0.454922
-0.454922
-0.454922
-0.454922
-0.454922
-0.454922
-0.454922
-0.454922
-0.454922
-0.454922
-0.454922
-0.454922
-0.454922
-0.454922
-0.454922
-0.454922
-0.454922
-0.454922
-0.454922
-0.454922
-0.454922
-0.454922
