-14.744261
-14.744261
-11.742865
-7.479738
-6.959433
-6.959433
-6.789225
-6.789225
-6.789225
-6.789225
-6.789225
-6.789225
-6.789225
-6.789225
-6.789225
-6.789225
-6.789225
-6.789225
-6.789225
-6.789225
-6.789225
-6.789225
-6.789225
-6.789225
-6.789225
-6.789225
-6.789225
-6.789225
-6.789225
-5.503241
-5.503241
-5.503241
-5.503241
-5.503241
-5.503241
-5.503241
-5.503241
-5.503241
-3.255052
-3.255052
-3.255052
-3.255052
-3.255052
-3.052301
-3.052301
-3.052301
-3.052301
-3.052301
-3.052301
-3.052301
-3.052301
-3.052301
-2.988871
-2.988871
-2.988871
-2.988871
-2.988871
-2.988871
-2.988871
-2.988871
-2.988871
-2.988871
-2.988871
-2.988871
-2.988871
-2.988871
-2.988871
-2.988871
-2.988871
-2.988871
-2.988871
-2.988871
-2.988871
-2.988871
-2.988871
-2.988871
-2.988871
-2.988871
-2.988871
-2.988871
-2.988871
-2.988871
-2.988871
-2.988871
-2.988871
-2.988871
-2.988871
