-15.013259
-3.845342
-3.845342
-3.845342
-3.845342
-3.845342
-3.845342
-3.845342
-3.845342
-3.845342
-3.845342
-3.845342
-3.845342
-3.845342
-3.845342
-3.845342
-3.845342
-3.845342
-3.845342
-3.845342
-3.845342
-3.845342
-3.845342
-3.845342
-3.845342
-3.845342
-3.845342
-3.177509
-3.177509
-3.177509
-3.177509
-3.177509
-3.177509
-3.177509
-3.177509
-3.177509
-3.177509
-1.945360
-1.197828
-1.197828
-1.197828
-1.197828
-1.197828
-1.197828
-1.197828
-1.197828
-1.197828
-1.197828
-1.197828
-1.197828
-1.197828
-1.197828
-1.197828
-1.197828
-1.197828
-1.197828
-1.197828
-1.197828
-1.197828
-1.197828
-1.197828
-1.197828
-1.197828
-1.197828
-1.197828
-1.197828
-1.197828
-1.197828
-1.197828
-1.197828
-1.197828
-1.197828
-1.197828
-1.197828
-1.197828
-1.197828
-1.197828
-1.197828
-1.197828
-1.197828
-1.197828
-1.197828
-1.197828
-1.197828
-1.197828
-1.197828
-1.197828
