-9.455649
-8.217626
-8.205345
-6.236655
-5.299358
-3.274353
-3.274353
-3.274353
-3.274353
-3.274353
-3.274353
-3.274353
-3.274353
-3.274353
-3.274353
-3.274353
-3.274353
-3.274353
-3.274353
-3.274353
-3.274353
-3.274353
-3.274353
-3.274353
-3.274353
-3.274353
-3.274353
-3.274353
-3.274353
-3.274353
-3.274353
-3.274353
-3.274353
-3.274353
-3.274353
-3.274353
-3.274353
0.000265
0.000265
0.000265
0.000265
0.000265
0.000265
0.000265
0.000265
0.000265
0.000265
0.000265
0.000265
0.000265
0.000265
0.000265
0.000265
0.000265
0.000265
0.000265
0.000265
0.000265
0.000265
0.000265
0.000265
0.000265
0.000265
0.000265
0.000265
0.000265
0.000265
0.000265
0.000265
0.000265
0.000265
0.000265
0.000265
0.000265
0.000265
0.000265
0.000265
0.000265
0.000265
0.000265
0.000265
0.000265
0.000265
0.000265
0.000265
0.000265
0.000265
