-8.589372
-8.589372
-5.615857
-2.964598
-2.964598
-2.953045
-2.941880
-2.941880
-2.941880
-2.941880
-2.941880
-2.941880
-2.941880
-2.941880
-2.941880
-2.941880
-2.941880
-2.941880
-2.941880
-2.941880
-2.941880
-2.941880
-2.941880
-2.941880
-2.941880
-2.941880
-2.941880
-2.941880
-2.941880
-2.867809
-2.867809
-2.867809
-2.867809
-2.867809
-2.867809
-2.867809
-0.002121
-0.002121
-0.002121
-0.002121
-0.002121
-0.002121
-0.002121
-0.002121
-0.002121
-0.002121
-0.002121
-0.002121
-0.002121
-0.002121
-0.002121
-0.002121
-0.002121
-0.002121
-0.002121
-0.002121
-0.002121
-0.002121
-0.002121
-0.002121
