-inf
-inf
-inf
-76.329334
-27.336681
-27.336681
-23.993524
-23.085514
-22.120216
-22.120216
-16.683909
-16.371126
-16.371126
-16.371126
-16.371126
-14.700947
-14.700947
-14.700947
-14.700947
-14.700947
-14.700947
-14.700947
-14.700947
-14.700947
-14.700947
-14.700947
-9.374149
-6.005503
-5.657959
-5.657959
-5.657959
-5.657959
-5.657959
-5.657959
-5.657959
-5.657959
-4.749219
-4.749219
-4.749219
-4.749219
-4.749219
-4.749219
-4.749219
-4.749219
-4.749219
-4.749219
-4.749219
-4.749219
-4.749219
-4.749219
-4.749219
-4.749219
-4.749219
-4.749219
-4.749219
-4.749219
-4.749219
-4.749219
-4.749219
-4.749219
-4.749219
-4.749219
-4.749219
-4.749219
-4.749219
-4.749219
-4.749219
-4.749219
-4.749219
-4.749219
-4.749219
-4.749219
-4.749219
-4.749219
-4.749219
-4.749219
-4.749219
-4.749219
-4.749219
-4.749219
-4.749219
-4.749219
-4.749219
-4.749219
-4.749219
-4.749219
-4.749219
