-30.170859
-26.123797
-26.123797
-26.123797
-26.123797
-26.123797
-26.123797
-26.123797
-26.123797
-26.123797
-26.123797
-26.123797
-26.123797
-26.123797
-26.123797
-26.123797
-26.123797
-26.123797
-26.123797
-26.123797
-26.123797
-26.123797
-26.123797
-26.123797
-26.123797
-26.123797
-26.123797
-25.443011
-25.443011
-25.443011
-25.443011
-25.443011
-25.443011
-25.443011
-25.443011
-25.443011
-0.707444
0.000265
0.000265
0.000265
0.000265
0.000265
0.000265
0.000265
0.000265
0.000265
0.000265
0.000265
0.000265
0.000265
0.000265
0.000265
0.000265
0.000265
0.000265
0.000265
0.000265
0.000265
0.000265
0.000265
0.000265
0.000265
0.000265
0.000265
0.000265
0.000265
0.000265
0.000265
0.000265
0.000265
0.000265
0.000265
0.000265
0.000265
0.000265
0.000265
0.000265
0.000265
0.000265
0.000265
0.000265
0.000265
0.000265
0.000265
0.000265
0.000265
0.000265
