-18.138213
-17.574965
-15.007290
-11.162336
-9.197345
-8.967317
-8.967317
-8.967317
-8.967317
-8.967317
-8.967317
-8.967317
-8.967317
-8.967317
-8.967317
-8.967317
-8.967317
-8.967317
-8.967317
-8.967317
-8.967317
-8.967317
-8.967317
-8.967317
-8.967317
-8.967317
-8.967317
-8.967317
-8.679627
-7.808873
-7.808873
-7.808873
-7.808873
-7.808873
-7.808873
-7.808873
-0.790953
-0.790953
-0.790953
-0.790953
-0.790953
-0.790953
-0.790953
-0.790953
-0.790953
-0.790953
-0.790953
-0.790953
-0.790953
-0.737115
-0.737115
-0.737115
-0.737115
-0.737115
-0.737115
-0.737115
-0.737115
-0.737115
-0.737115
-0.737115
-0.737115
-0.737115
-0.737115
-0.737115
-0.737115
-0.737115
-0.737115
-0.737115
-0.737115
-0.737115
-0.737115
-0.737115
-0.737115
-0.737115
-0.737115
-0.737115
-0.737115
-0.737115
-0.737115
-0.737115
-0.737115
-0.737115
-0.737115
-0.737115
-0.737115
-0.737115
-0.737115
