-8.222406
-7.038350
-7.038350
-6.630247
-6.630247
-6.630247
-6.224163
-6.224163
-6.103434
-6.103434
-6.103434
-6.103434
-6.103434
-6.103434
-6.103434
-6.103434
-6.103434
-6.103434
-6.103434
-6.103434
-6.103434
-6.103434
-6.103434
-6.103434
-6.103434
-6.103434
-5.668644
-4.757925
-4.095717
-4.095717
-4.095717
-4.095717
-4.095717
-4.095717
-4.095717
-4.095717
-4.095717
-0.922900
-0.922900
-0.922900
-0.922900
-0.922900
-0.922900
-0.922900
-0.922900
-0.922900
-0.922900
-0.922900
-0.922900
-0.922900
-0.922900
-0.922900
-0.922900
-0.922900
-0.922900
-0.922900
-0.922900
-0.922900
-0.922900
-0.922900
-0.922900
-0.922900
-0.922900
-0.922900
-0.922900
-0.922900
-0.922900
-0.922900
-0.922900
-0.922900
-0.922900
-0.922900
-0.922900
-0.922900
-0.922900
-0.922900
-0.922900
-0.922900
-0.922900
-0.922900
-0.922900
-0.922900
-0.922900
-0.922900
-0.922900
-0.922900
-0.922900
